1.208138208750326825e+01
4.323524435003040622e+00
1.297501453110340286e+01
9.561690990928884304e+00
1.088348385329369528e+01
7.068899065582703756e+00
1.377404022381721482e+01
6.659963346285296737e+00
7.274759906088863026e+00
1.238934741379162574e+01
4.620258248218969577e+00
6.058916002992984495e+00
5.465659850272454712e+00
7.647973560534729209e+00
7.451164698713106382e+00
1.583908929430507229e+01
1.358294756985208451e+01
6.254394823498477862e+00
9.388475878425619925e+00
1.405869841749884053e+01
8.542239280117090772e+00
1.086226457049646754e+01
5.913518801701759031e+00
1.318700791910594639e+00
1.354557528315670467e+01
2.478550315756351097e+00
1.106413692379611824e+01
1.098957270034195055e+01
1.040251180749456950e+01
9.182303174553084091e+00
5.435580882442242689e+00
7.653980012274129052e+00
1.386269272919116702e+01
1.321478910958159680e+01
5.513672573173356461e+00
1.366365349294769693e+01
8.897271425569813985e+00
3.245889108787226807e+00
6.023316404904260679e+00
1.710859013324665412e+01
1.351110755192769908e+01
5.933251145891990319e+00
3.573693967925126724e+00
9.413386269014473839e+00
9.118593892938829271e+00
1.017949889385721285e+01
7.813440887892057596e+00
1.208170635079633470e+01
9.468035362561572299e+00
1.120455598389271756e+01
1.045997129823218685e+01
9.437308933846672687e+00
5.958376208969883514e+00
1.132846511037879011e+01
1.234547509778763619e+01
9.584451432322691034e+00
4.391914323851652036e+00
8.936323945430125093e+00
3.737286591386672185e+00
8.197237970008288244e+00
5.466585977310582933e+00
3.990321765761597028e+00
5.874964894153327677e+00
9.722219581400761257e+00
8.194644126588340072e+00
4.199803935386668741e+00
5.334502560185434561e+00
3.860511576899546604e+00
8.366265494070509234e+00
1.180027113810628236e+01
8.626058131783006289e+00
1.344657622741511105e+01
7.052568879422600467e+00
2.243998854093310058e+01
9.282301261577739382e+00
8.004305943712122229e+00
9.242659262577527457e+00
1.000074321898603991e+01
7.521220737920859989e+00
7.109430072730112293e+00
8.459718496713138691e+00
5.190119904185584332e+00
5.316932154150922685e+00
1.494885265618237824e+01
9.997039887615228437e+00
6.959559829948251952e+00
8.586642697870889407e+00
3.086087023410938990e+00
4.130634594508469704e+00
1.425261725437449734e+01
2.067078407945659535e+01
9.024171796792739286e+00
7.194351251760956245e+00
8.437080657280437990e+00
1.186820759421346949e+01
1.238692417298769932e+01
1.568752092613712534e+01
5.560960839118872734e+00
4.213536632397881121e+00
3.830079057642495233e+00
1.205980431523901508e+01
5.719920815127607305e+00
1.116618018139865676e+01
1.355260399035022267e+01
6.489690727537330339e+00
1.610613123070147523e+01
1.335061735529171401e+01
3.767630384793551279e+00
5.080897653773421396e+00
6.433700565299717233e+00
2.096913989104040255e+01
1.016295476876885040e+01
1.853732996838249392e+01
7.788287050588732718e+00
1.001664137556028500e+01
8.391886821074667324e+00
7.509461843426501026e+00
7.219641848454575239e+00
1.324758017233159002e+01
1.105922184705880440e+01
6.771052313748245233e+00
1.199745579708840282e+01
6.738543129689540834e+00
9.290288518460675604e+00
9.621750619940840465e+00
8.202243407013062537e+00
1.236514073040244455e+01
7.505996322938517373e+00
5.841040070067785805e+00
1.143838125407216744e+01
2.522313137242590209e+00
1.759287074919411609e+00
1.140053816559570343e+01
6.973582326363658268e+00
1.291850213265049874e+01
2.269448280300303100e+00
8.525350531527573494e+00
1.088582921835206108e+01
7.841547489273378524e+00
5.896561942773643317e+00
9.014182205492053512e+00
6.728626741029445135e+00
4.551798268100444744e+00
8.671306115450075680e+00
1.509699459103526209e+01
3.599099902653319472e+00
8.159736081983371747e+00
1.547917348596669740e+01
6.483615245678964634e+00
1.975063468628404539e+00
1.348156918120227132e+01
1.662056637551479810e+01
9.225222777457446455e+00
6.174398216872270417e+00
1.323965988210019873e+01
9.418220504245420344e+00
7.755402139499405045e+00
1.387223902137613862e+01
1.096809208869972885e+01
6.613165012374737195e+00
1.086256404276807608e+01
7.811034846688747812e+00
1.587733102539147012e+01
1.085507468092941608e+01
1.288959335513573912e+01
8.418019694386222440e+00
6.278409919451940269e+00
8.110988264763006939e+00
4.417689660922707873e+00
1.932983849872600857e+01
7.060380615671770776e+00
8.639924840000547945e+00
1.611774074781842714e+01
1.842790233507253816e+01
8.051932382867573068e+00
5.539634487443824362e+00
7.499306732969073686e+00
8.873736971583317867e+00
3.248668787447911654e+00
2.957242202995147728e+00
1.017754560452241641e+01
4.972773812193401533e+00
1.132866557020526344e+01
4.428346786870614338e+00
1.152117104145678717e+01
8.942529031216912117e+00
6.561922049386114786e+00
1.023757210117319794e+01
1.120874154977535930e+01
4.366235417860433898e+00
3.971285069668243128e+00
5.659532062611692282e+00
1.047356708762301558e+01
1.110709756825598404e+01
1.550970430123764565e+01
6.184867947511355268e+00
1.092239989388113841e+01
1.006985369950167097e+01
7.363761961893998453e+00
8.238521964201156678e+00
1.368744850074804909e+01
6.638444718779490827e+00
9.736049457648537242e+00
6.635039146672736088e+00
6.443669517459742480e+00
3.377813879388187335e+00
4.534550171284948306e+00
1.219394317143416018e+01
1.984758132144733622e+01
4.506856870966668538e+00
1.073826826499628240e+01
3.659681529631912955e+00
2.438580729124605284e+01
2.967348598314954788e+00
1.735779210235152448e+01
7.263342440080724494e+00
7.384616424885589225e+00
4.177906473256664199e+00
7.845764840660600647e+00
3.819446192390653305e+00
7.452684221509572993e+00
4.873006413578728768e+00
9.212222282877121415e+00
1.213598090787435524e+01
6.095204221588596205e+00
5.125737831567199976e+00
5.975159707831172007e+00
1.434309273469759738e+01
1.513358367948366556e+01
1.793577973033433892e+01
9.592830264109759142e+00
1.468188939966569251e+01
1.019262349448604787e+01
8.388971834835965424e+00
1.742197484397847163e+01
1.459798947606854647e+01
2.001448027933977158e+01
6.265676277841357944e+00
1.082493679849323520e+01
8.126616988122789209e+00
4.761940912883244614e+00
1.848043973602921852e+01
6.964236042706313690e+00
2.920431250974476090e+00
1.161453342303426339e+00
6.120454310205236226e+00
4.036257889207358396e+00
1.392230295464742973e+01
3.582789104983406414e+00
1.180865150291232091e+01
5.689224079898139941e+00
5.585505406866517752e+00
4.962250765817691089e+00
9.001951703656697390e+00
1.174153161670508538e+01
7.747578032450332941e+00
8.485634372884463872e+00
1.062381685776157880e+01
6.658886395544233672e+00
8.514655568456184653e+00
9.401311856862612615e+00
7.310266821109320468e+00
7.003976629301697621e+00
7.672511594225325915e+00
1.388704213985445790e+01
1.310001667292440430e+01
8.799683169614823441e+00
1.244354066586656771e+01
1.361903119729451461e+01
3.264528970358508975e+00
3.825659955896827391e+00
1.374220239743378436e+01
5.271108120588060331e+00
7.737578921232379336e+00
8.777654518432330022e+00
1.832187935836419035e+00
7.143317904241690108e+00
1.234560560994967204e+01
1.222014696196361072e+01
8.722246972237966745e+00
1.850068412497040526e+01
1.034463486383679687e+01
1.375912659094672996e+01
9.531375709983530342e+00
8.613810048036649292e+00
9.125342813142232501e+00
1.117265392933464518e+01
8.826789455172415089e+00
8.012183440956199831e+00
9.479711949512548586e+00
7.943659770666530839e+00
7.689368228375832004e+00
1.112396883150477933e+01
5.410894998724399940e+00
3.428129200275260136e+00
8.892461356713967646e+00
6.388501883044438223e+00
5.153835490603586145e+00
1.404938854910547619e+01
7.922463938771158176e+00
1.027107543814888579e+01
4.433747997160572218e+00
1.359692577596887375e+01
5.714651281328102961e+00
1.712798473407681499e+01
1.942272237420989001e+01
4.940008358651395426e+00
1.044026821438387209e+01
8.001467192933747086e+00
1.401355505170971938e+01
1.076498426993937940e+01
8.889507301487606483e+00
1.278318802112302599e+01
9.315857342540338593e+00
9.150991787414337608e+00
2.418447181578670779e+00
3.893598507879338921e+00
1.197030369185059406e+01
2.778855661868507632e+00
1.393102232371920302e+01
1.220049795907924306e+01
1.399919822849759043e+01
8.183444190288025055e+00
1.025941702465582495e+01
3.995378290409492994e+00
1.889591999374170772e+00
1.081945083877345226e+01
7.259660434493159009e+00
7.113982775557878391e+00
8.393634968395399909e+00
1.365343183191426846e+01
8.655837369620950739e+00
1.251271978135838303e+01
1.136526240085550299e+01
9.430427102840337028e+00
6.107580747556703216e+00
1.436690719351675938e+01
9.800760864769252123e+00
9.616918607773058625e+00
2.263297308138576103e+00
9.497023624276650366e+00
1.233395636202429202e+01
9.747275983401490151e+00
4.446299731794055354e+00
6.519697183724550982e+00
9.820699359801732697e+00
1.273104477417452429e+01
1.048745189663322819e+01
7.049399486757805811e+00
1.107508134280232426e+01
6.194331113787725940e+00
5.303687247943229544e+00
1.023517247560786814e+01
2.174731849911580639e+01
1.076695616661496402e+01
5.768138661990851901e+00
9.180409249807324201e+00
1.847029754282602099e+01
8.956901034834180209e+00
1.040372292753482242e+01
4.678166434302599264e+00
3.988666294162443116e+00
3.349047338002128171e+00
4.933319063444661978e+00
1.106178253188848970e+01
6.877947684533856076e+00
7.510566838193124539e+00
8.646026540839855556e+00
7.442679001670836847e+00
5.329012408686346625e+00
3.321329148054676939e+00
4.285363984428298245e+00
3.164775779368460107e+00
1.081616984024941530e+01
5.291021819294744688e+00
8.825261733558459554e+00
1.345345425771014014e+01
4.300841543547559986e+00
5.418311531436896367e+00
9.033332957823008158e+00
1.349394304611177375e+01
1.849857935681708199e+01
6.349236888415373592e+00
1.070279148475465547e+01
7.242503362727033434e+00
1.045119544383561028e+01
8.236909257537048390e+00
6.130767650464152396e+00
1.441011506939873144e+01
6.502692313982094241e+00
1.163475946130037286e+01
7.903875575853287927e+00
7.349604304585477976e+00
9.191244671320008663e+00
6.970292025169205985e+00
6.248685021394916994e+00
1.414894031931057050e+01
6.905586369121714974e+00
1.352367715099305023e+01
1.250628839474235932e+01
6.223470833579115791e+00
1.013693661009291525e+01
1.668995762824874163e+01
6.849218990131829443e+00
8.891617415068191477e+00
1.208728772904294324e+01
6.133543574514503049e+00
7.759942036205766946e+00
7.241535235205555310e+00
4.648938205893649922e+00
3.450832734239429378e+00
7.907247888022792104e+00
1.250682039436532023e+01
6.389336381579179935e+00
1.805719922714450920e+00
4.598851948922926702e+00
6.976680602847975088e+00
1.391028794637255395e+01
1.315794284447982676e+01
1.201998709234587004e+01
1.494934427126746534e+01
8.402103800417641821e+00
1.031398325022010276e+01
6.483907904409591083e+00
1.072416890951024016e+01
4.631191287828948511e+00
5.835045229162558300e+00
8.302223296406863184e+00
5.610069243741438783e+00
3.916531329598385902e+00
3.685312848966397770e+00
8.840591535762500897e+00
1.263480438706022113e+01
1.427042925513011618e+01
1.366235227171136657e+01
1.181826563336285751e+01
6.499969863177295970e+00
3.854608857161892388e+00
7.449721246824416276e+00
5.195991786757806707e+00
8.827176672050484285e+00
1.234266379404845893e+01
7.265596063928176918e+00
4.795473051179381052e+00
6.233377550422413371e+00
7.776209251360586272e+00
1.162196005903714457e+01
8.410079207615744679e+00
4.888983798368089495e+00
7.507081608996024613e+00
5.347777988005106842e+00
1.283699335895904703e+01
7.288076961785401764e+00
3.670110426176266927e+00
5.626807376720853959e+00
1.297073904775592901e+01
7.107297462191200843e+00
6.751043991939946309e+00
8.661756110246878748e+00
4.140228414516870181e+00
1.175749115207341511e+01
1.564813861921543925e+01
3.944236903674253725e+00
6.523004903339646887e+00
2.112347165359650347e+01
8.370693103067855745e+00
3.881044216691901028e+00
1.104741535251062956e+01
8.447723224136051812e+00
9.405351194689270500e+00
8.880672261983235671e+00
1.232720297653334107e+01
1.360544241448158687e+01
8.864062655129430368e+00
5.727244938982136269e+00
9.476865474561384062e+00
6.979365844147994657e+00
1.942028697693870498e+01
5.757326738432431590e+00
7.652567207344781686e+00
1.380639839815522230e+01
6.942040715020580954e+00
7.504513177475062413e+00
8.942097587821447036e+00
9.464809879297733985e+00
1.036144142618305963e+01
8.229971085373195550e+00
6.401935825577359296e+00
1.156636691872445688e+01
4.678807873114577021e+00
1.833697250796526390e+01
3.460614265005747203e+00
1.127670435930035708e+01
9.173388521419038710e+00
1.090211491581369074e+01
3.719528908724337946e+00
1.656051993497422714e+01
1.217392774336280681e+01
6.687731023938828123e+00
3.186311285056446341e+00
1.282747750502420914e+01
2.564495584193053190e+01
1.053698341504822622e+01
1.200530951343252539e+01
7.956938860387713142e+00
5.226602602184989621e+00
2.294243514770922143e+00
5.015430024182844448e+00
9.774728027541005559e+00
1.111596265177079701e+01
7.852153285717388798e+00
3.734771585305671771e+00
1.233112407010346701e+01
8.576367243189645606e+00
5.169889618468499037e+00
1.142891719251722549e+01
7.140053454260130827e+00
7.173797988483599397e+00
1.471017684565402384e+01
5.700291925174898466e+00
6.084062728627317895e+00
9.868000450330677964e+00
1.062570435804618185e+01
8.109817350465304386e+00
5.753087475262265826e+00
6.254946406454399366e+00
1.402495066835628634e+01
5.488039997621765309e+00
1.488456212239580623e+01
8.180533737537064809e+00
1.181537691705548099e+01
1.183517634006010155e+01
1.254962063269164041e+01
7.137883877041963920e+00
4.170134804125099848e+00
9.563020284189512665e+00
9.223795608432586945e+00
1.503225145552960829e+00
2.428314291293599325e+00
5.864643993670559219e+00
7.905568388856818451e+00
1.490262346453683406e+01
1.017086371798831657e+01
9.424358625009162438e+00
1.695184868670484946e+01
1.327398685058833294e+01
1.240437890441866031e+01
9.750202814259459672e+00
7.669064338193386732e+00
1.340454151264047056e+01
1.026210290980423778e+01
1.189605020657478818e+01
7.883343043808602957e+00
7.382400758134345153e+00
2.109412541023607091e+01
8.957507899034766297e+00
1.501098827833911642e+01
5.766994854681433580e+00
6.316555314699511037e+00
1.163484288093769159e+01
7.764787802734200106e+00
8.506882500642781508e+00
5.249550246146411858e+00
5.804197572210044953e+00
1.213106891038612289e+01
3.557242741403635389e+00
8.636650372638909445e+00
1.326663995453992051e+01
1.187902987056726545e+01
7.368836330108770483e+00
9.829087597798279674e+00
8.642616165112659843e+00
8.304364586100252410e+00
1.148207786074605607e+01
8.150222441173671228e+00
1.194799123054280487e+00
1.503482183739722622e+01
1.191207317815919531e+01
1.100370794404453001e+01
1.002195863149035482e+01
6.461476322632142555e+00
7.906545267619103257e+00
1.663594269198060260e+01
7.869141989882688648e+00
1.213313794341952345e+01
1.049488657127712088e+01
4.488363339561611376e+00
2.235635389883519064e+00
4.462077489137685760e+00
7.172206967307717562e+00
3.553301708215144128e+00
7.447116281113437708e+00
8.229853087008233814e+00
9.861916979579648412e+00
8.960861697230054546e+00
4.071259405232595441e+00
7.019818908955925529e+00
1.549181753416754681e+01
5.279315731369565334e+00
1.633038632591524575e+01
7.406587849532394685e+00
2.702568641841439412e+00
6.602628364290595187e+00
9.323252733362181743e+00
6.904276961751848241e+00
1.045563754419603697e+01
2.068371364108105226e+01
2.683650110441064385e+00
7.972709703769464973e+00
1.385451599609282525e+01
4.777598474415516883e+00
1.242529364758724419e+01
1.552701102235476505e+01
3.966566906045634777e+00
3.907101871048884512e+00
1.151135687817670039e+01
1.414420013695798595e+01
1.155386116724536194e+01
5.640046684850502423e+00
6.613419861589181714e+00
1.108534461029151963e+01
6.800674881566899366e+00
1.080445865568390218e+01
8.728039490837728565e+00
8.084231734506500899e+00
8.041438247778117443e+00
9.989327875010475921e+00
5.366477018958628165e+00
7.710168920129242487e+00
7.482653254736028714e+00
2.320370099183474366e+01
1.211367144574712462e+01
1.223484989348452245e+01
7.481070541767691040e+00
7.165735761983551555e+00
1.353278451712528963e+01
7.134565758624614951e+00
2.589470483250680299e+00
7.071854879608456379e+00
9.336723216265015779e+00
1.410824685837563131e+01
3.779429297486876838e+00
9.798304312963399099e+00
1.043468411089027192e+01
9.529605901237873766e+00
1.055572903181324662e+01
2.388430742057815337e+01
1.077312031581670126e+01
1.041176980997142643e+01
9.951139546603487318e+00
4.653947777196396629e+00
1.641902498764293483e+01
1.041417864907926116e+01
8.614645778654994146e+00
3.737302698969091175e+00
3.699414559431205340e+00
1.523282973756520420e+01
6.601459691428488874e+00
5.381764191527999230e+00
4.956403141916098321e+00
5.035389746911804743e+00
4.094065644018150429e+00
2.156035934736180693e+01
7.343685815065624567e+00
1.198742686762952303e+01
9.910289712045733168e+00
1.464917961107007294e+01
4.074553303186583264e+00
5.979444204130843765e+00
1.229138619870771798e+01
5.842279392240779856e+00
2.318796304089407911e+01
1.602220894264027251e+01
8.882435980639540318e+00
1.620396728850003143e+01
7.738119287767095678e+00
4.367928760563437152e+00
5.641670882969045842e+00
1.123413044734280675e+01
8.505745463035367493e+00
5.148528041029235780e+00
1.345189110897961626e+01
8.972685439074119529e+00
1.427190035230111498e+01
1.178036487480361316e+01
1.349467011290819585e+01
7.967659229210491745e+00
1.034935077960223282e+01
1.735488733622700508e+01
1.019805681939374864e+01
1.110321224689552544e+01
9.023919937913039035e+00
3.487280969142528164e+00
1.578627449766291235e+01
1.175605148865813199e+01
8.901809071602935219e+00
6.966965437455749921e+00
1.475742263198105242e+01
5.107586584717577871e+00
4.772734472234168912e+00
1.205134278304167594e+01
1.133382036862865760e+01
6.192438796989367944e+00
3.005414927375777090e+00
9.945886631533731759e+00
1.098809349002658209e+01
8.388837985502645367e+00
9.771368947116188863e+00
6.552395970533924974e+00
1.282074888860025119e+01
1.181743081059602751e+01
8.632445234055634131e+00
1.030751334747940895e+01
1.665604279669624788e+01
5.247062003889298332e+00
1.264495954849441084e+01
9.867301774833817873e+00
1.060445059121223466e+01
3.166829688942339072e+00
6.269054603076819276e+00
1.255945204584158681e+01
1.060953322797587717e+01
1.595407066482836145e+00
8.576181579126123111e+00
1.136489679718919277e+01
1.040584117685744481e+01
4.498634172430377554e+00
9.397190498204187392e+00
9.595467116520243422e+00
1.323679240235962595e+01
7.448550944018069941e+00
8.304140757073593448e+00
8.450723556333821662e+00
4.355794250105768484e+00
9.090858917227517821e+00
2.025829435328691019e+01
1.368958513649651110e+01
1.635774786567881733e+01
5.968012949299635217e+00
5.053839317146733734e+00
5.219356921573202079e+00
9.423936415160131475e+00
1.851314156391678978e+01
1.513320946553394819e+01
1.230512783967679624e+01
8.096564078681579346e+00
4.779737762605650531e+00
1.777524838750919400e+01
3.744425386496891939e+00
1.122164689329769871e+01
1.150222551548033323e+01
4.950002428176148328e+00
1.421068750992674801e+01
7.445231600022197860e+00
6.137471688972393480e+00
1.261283105206035415e+01
6.236990760733026384e+00
1.658884145966374746e+01
2.990245150874536684e+00
5.564365053543000705e+00
1.628497012603549265e+01
1.150838681889873882e+01
1.541403045416198303e+01
1.042193046460287675e+01
4.891917655708583723e+00
9.206594894825752107e+00
1.114720555129754942e+01
1.628771477866365203e+01
6.844041130663891082e+00
1.356595426206475707e+01
1.170228443972283827e+01
3.269069979114179514e+00
7.365703354172199013e+00
1.012688183692608490e+01
5.946144311468457566e+00
6.513427104665576728e+00
1.019853634089754379e+01
3.361844531027239125e+00
1.176070804673260639e+01
1.130611172158569744e+01
5.203069759016359264e+00
9.278312937465482690e+00
1.650695502548880711e+01
6.950955835822579587e+00
8.447797271516472861e+00
6.421184342162951530e+00
1.094606226307207386e+01
8.196267705959520811e+00
5.032910107987127901e+00
5.210620247795934468e+00
1.438168469513900760e+01
1.103600298634937360e+01
1.328863227479505227e+01
5.620414547994581511e+00
8.364244880039455765e+00
6.039754637043484919e+00
1.702884151377971378e+01
7.375514670020636210e+00
8.874011983482446908e+00
9.755627858910704830e+00
1.149710892926147210e+01
6.242454355774302854e+00
5.888469515319002312e+00
1.837012177952821901e+01
1.190681917680715962e+01
1.081249867371125184e+01
8.567804656399429675e+00
9.595499895689791003e+00
1.036483259006164381e+01
3.003289753106825444e+00
1.549118917293360553e+01
1.526563022617032139e+01
1.672956013326193414e+01
5.111505648426092563e+00
2.295198879743482934e+01
3.912716545752234154e+00
5.770246866989871215e+00
7.299966961234956031e+00
1.142829103923708622e+01
1.262643890109459122e+01
9.858528245514305510e+00
6.042894412339166799e+00
1.073858286622456326e+01
6.246738739304449339e+00
8.516243674241106731e+00
1.789800034496785131e+01
4.138027666606350685e+00
6.875643368189301441e+00
7.005696376000100756e+00
9.872426452229934313e+00
1.491521942106163579e+01
1.107432929830435597e+01
5.938335243204109659e+00
3.547554415395827832e+00
7.797590985016188192e+00
1.475568747071389453e+01
7.960087668887485535e+00
7.962568443238074778e+00
6.484708899987777109e+00
4.297915061756360622e+00
9.544968495565555600e+00
1.264122184521450620e+01
1.429786437277191702e+01
7.986788813258370645e+00
9.586251503996438217e+00
4.878690943872645569e+00
9.672389612448005991e+00
9.388027553827756222e+00
1.448023893192804756e+01
6.563008263396833186e+00
8.104558913142730248e+00
1.233481936826023428e+01
1.826642898185666297e+01
1.039018614787208605e+01
1.377803255482214162e+01
2.070611232116447198e+01
1.365067184905799280e+01
3.736052191035142300e+00
7.957318583249412214e+00
6.987622809978280003e+00
7.556685531451313054e+00
7.701487723420467724e+00
3.356314130781294036e+00
1.216255672682853728e+01
6.278606068777131455e+00
1.772878642936642990e+01
1.455471203956565773e+01
6.185729452251149674e+00
7.039440942835425652e+00
1.887544084850026493e+01
1.661049868679118546e+01
5.112612696900924902e+00
1.399995243385561317e+01
1.071018398060304300e+01
9.431959687040272655e+00
3.070136474770313040e+00
7.336213347053994305e+00
6.035095182369368594e+00
3.020487649670410946e+00
1.289473213504112969e+01
2.135566174985245702e+00
5.529021856346326480e+00
4.171747494522939803e+00
1.020366200713760385e+01
1.416943021718467932e+01
5.107669793836815408e+00
2.044269410421016619e+00
1.914199062618153846e+01
1.102797269374953615e+01
6.946394053128800650e+00
1.100611299152896905e+01
8.383776211773746212e+00
1.659416274684762982e+01
9.921035699821333154e+00
6.109811878100655846e+00
7.889209713171901228e+00
6.565540009778819908e+00
5.391840736050292904e+00
7.475503617228909548e+00
8.653769345893888243e+00
9.958940893209634382e+00
6.237528581722909138e+00
4.460388353226707459e+00
5.224516776887119462e+00
4.098793179221923211e+00
8.830115150455283057e+00
4.435516200050972913e+00
1.366627992190165486e+01
7.416858921996936971e+00
6.922071078843201164e+00
7.492431700214493340e+00
1.081943527811079342e+01
6.838305331628750316e+00
9.669494696497247688e+00
1.110986822510610494e+01
6.244891148027755357e+00
6.063616086397880522e+00
1.036891759009853686e+01
1.006660556624278868e+01
1.130748078234005405e+01
8.817278465718221270e+00
4.180193023985930623e+00
1.071357228358711922e+01
1.208578749250959739e+01
5.239592783154185973e+00
3.787395264550441620e+00
4.685505676064191327e+00
4.048443172742515195e+00
3.897166181757887760e+00
3.024721428882022423e+01
1.561329974251078667e+01
4.135196609821820246e+00
4.130205160538290343e+00
1.254410457587026961e+01
8.189666148826828973e+00
4.683352660800015776e+00
9.378974502095221766e+00
1.886886205017485807e+01
5.592778122282071607e+00
4.820227191982465520e+00
1.247297336042078797e+01
9.387460784534098934e+00
9.125562081491487731e+00
9.315387277672469324e+00
5.050221561572286078e+00
6.623052389500662329e+00
2.149705960346357259e+01
1.017745691721173884e+01
1.282136231783920444e+01
7.573929388617834491e+00
5.601457396689708546e+00
1.312457306582248151e+01
6.791875261393815144e+00
5.758724476855303642e+00
1.275087749481097532e+01
9.161262718623515156e+00
9.128117029392583959e+00
6.092988507737805648e+00
1.101065563039935036e+01
1.979016272363949014e+01
1.668783216127588886e+01
1.175076865584955854e+01
1.483824932853536538e+01
9.372896365943592656e+00
4.621485061504206016e+00
6.109324920698714578e+00
5.850409261140778305e+00
6.993172932572605305e+00
1.369127226210662052e+01
7.455492857705363186e+00
3.798527267100316074e+00
5.588687214005997994e+00
2.340526637570144786e+00
5.429199073440424961e+00
9.499869187491274403e+00
3.078435866332003279e+00
9.362798930545196185e+00
7.358280464169138391e+00
1.105536174127056448e+01
5.903923098908081535e+00
1.409999699267656581e+01
1.755820238117967236e+01
8.093578746763379073e+00
6.699299490200570695e+00
8.623115864744848480e+00
1.008528005758591739e+01
8.492692620212313415e+00
1.405585793155426799e+01
9.313207079110791042e+00
3.289409758859505040e+00
8.776455108447546394e+00
4.956943594374344286e+00
4.096633959545911807e+00
3.005088935014215146e+00
7.504859003866958034e+00
4.914975862714038080e+00
1.443820114024694234e+01
1.431820207733419004e+01
9.715041971431883638e+00
3.287363234884083774e+00
